sensitivity=0.0039000000000000007
move_speed=1.9500000000000002
